# cv - fes - histogram
0.000000000000000000e+00 inf 0.000000000000000000e+00
4.067796610169491789e-01 inf 0.000000000000000000e+00
8.135593220338983578e-01 2.542983610758856372e+01 1.477818982716165019e-01
1.220338983050847537e+00 inf 0.000000000000000000e+00
1.627118644067796716e+00 2.995165278191407410e+01 1.051882193236170632e-01
2.033898305084745672e+00 inf 0.000000000000000000e+00
2.440677966101695073e+00 3.390370349953363416e+01 7.814801369075470572e-02
2.847457627118644474e+00 3.255509632070772597e+01 8.648782701819976437e-02
3.254237288135593431e+00 2.693013173999615972e+01 1.320173487195862028e-01
3.661016949152542388e+00 2.930606902186250551e+01 1.104200183182350997e-01
4.067796610169491345e+00 3.573447912701501394e+01 6.809830596178242934e-02
4.474576271186441190e+00 3.398219630892837273e+01 7.768816467040318141e-02
4.881355932203390147e+00 3.894268166370959250e+01 5.350280600721750435e-02
5.288135593220339103e+00 4.121345857613331276e+01 4.510526566714569141e-02
5.694915254237288949e+00 4.605157040931700152e+01 3.135053047712070551e-02
6.101694915254237905e+00 5.353031897800610750e+01 1.786635375599384193e-02
6.508474576271186862e+00 5.580287547066509291e+01 1.506012249859831585e-02
6.915254237288135819e+00 6.161190428548558629e+01 9.730655594036562508e-03
7.322033898305084776e+00 6.582600353519157466e+01 7.088201951371788344e-03
7.728813559322034621e+00 6.939287311303205286e+01 5.420814182607433876e-03
8.135593220338982690e+00 7.647211943552268565e+01 3.183470209909331980e-03
8.542372881355932535e+00 8.182491319526447171e+01 2.128688721750987209e-03
8.949152542372882380e+00 8.702865338570512677e+01 1.439430437196654537e-03
9.355932203389830448e+00 9.278130636624497640e+01 9.339963079850920535e-04
9.762711864406780293e+00 9.988550825221319940e+01 5.474778299190845082e-04
1.016949152542373014e+01 1.072224149965893645e+02 3.153473860196041954e-04
1.057627118644067821e+01 1.124257234556042278e+02 2.132464723703278008e-04
1.098305084745762805e+01 1.209242660729660486e+02 1.125570807361757337e-04
1.138983050847457790e+01 1.265371120228976309e+02 7.380614434248912404e-05
1.179661016949152597e+01 1.349967618521643544e+02 3.907090560659232418e-05
1.220338983050847581e+01 1.410965370587471455e+02 2.469864473489718408e-05
1.261016949152542388e+01 1.499937583509979504e+02 1.265160856224078315e-05
1.301694915254237372e+01 1.563490224004430900e+02 7.845538010982632885e-06
1.342372881355932357e+01 1.631973777459628252e+02 4.688117088565409950e-06
1.383050847457627164e+01 1.710017696946948149e+02 2.607089959003154448e-06
1.423728813559322148e+01 1.791830888968737554e+02 1.409306668451154783e-06
1.464406779661016955e+01 1.870925825949943544e+02 7.775549864217612681e-07
1.505084745762711940e+01 1.948488791331986079e+02 4.339694642682289990e-07
1.545762711864406924e+01 2.020429843793541806e+02 2.526648744926908875e-07
1.586440677966101731e+01 2.098306341825316963e+02 1.406854327613681618e-07
1.627118644067796538e+01 2.180862703580219204e+02 7.562613316608054029e-08
1.667796610169491700e+01 2.258921453994496744e+02 4.205145562725237530e-08
1.708474576271186507e+01 2.330696432079744795e+02 2.451370902347837709e-08
1.749152542372881314e+01 2.421239316681560183e+02 1.240945825808173009e-08
1.789830508474576476e+01 2.483931685441394563e+02 7.745311952050389046e-09
1.830508474576271283e+01 2.579916829422041928e+02 3.763671482304009509e-09
1.871186440677966090e+01 2.667427009644263194e+02 1.949209019325554060e-09
1.911864406779661252e+01 2.731518449777115052e+02 1.203860085232561295e-09
1.952542372881356059e+01 2.814568580399177904e+02 6.447427103234126932e-10
1.993220338983050866e+01 2.888387858075460599e+02 3.701170013482909930e-10
2.033898305084746028e+01 2.961703970799959507e+02 2.132723969653812617e-10
2.074576271186440835e+01 3.062497620475785425e+02 9.995531315017626735e-11
2.115254237288135641e+01 3.132266302289597775e+02 5.915414491578545822e-11
2.155932203389830804e+01 3.207014871401775054e+02 3.372122111963907538e-11
2.196610169491525610e+01 3.301209406981502639e+02 1.660822002726236533e-11
2.237288135593220417e+01 3.394566899071667194e+02 8.231446218076112825e-12
2.277966101694915579e+01 3.467507660688784199e+02 4.756608647652814723e-12
2.318644067796610386e+01 3.533644693944989399e+02 2.892913189905281542e-12
2.359322033898305193e+01 3.607452642803435765e+02 1.660829264733462860e-12
2.400000000000000000e+01 3.694206531706155943e+02 8.650501089828945763e-13
2.440677966101695162e+01 3.769398897477167338e+02 4.914849414129395829e-13
2.481355932203389969e+01 3.840922656358163749e+02 2.870506491121714029e-13
2.522033898305084776e+01 3.940689088316848370e+02 1.355763742823871856e-13
2.562711864406779938e+01 3.975006813544961801e+02 1.047427265522991574e-13
2.603389830508474745e+01 4.072450931117013511e+02 5.034224482611239059e-14
2.644067796610169552e+01 4.141676517387697913e+02 2.991474348907027851e-14
2.684745762711864714e+01 4.249010189599871410e+02 1.334753015114204275e-14
2.725423728813559521e+01 4.288317948508243376e+02 9.932222809218588097e-15
2.766101694915254328e+01 4.390342806486117979e+02 4.612085337246120914e-15
2.806779661016949490e+01 4.467701287354746000e+02 2.578060552069853304e-15
2.847457627118644297e+01 4.555083987496806799e+02 1.336460376868774367e-15
2.888135593220339103e+01 4.579668363381497898e+02 1.110910198276586332e-15
2.928813559322033910e+01 4.693147930339450227e+02 4.732884956722067381e-16
2.969491525423729072e+01 4.741605563381664865e+02 3.287711856332939349e-16
3.010169491525423879e+01 4.785269054098516222e+02 2.367642929478021109e-16
3.050847457627118686e+01 4.899204210798400254e+02 1.005253352923708018e-16
3.091525423728813848e+01 4.998127590008267589e+02 4.778085241253506311e-17
3.132203389830508655e+01 5.050643935305419632e+02 3.219352170505270582e-17
3.172881355932203462e+01 5.103389872495493478e+02 2.165376298150633538e-17
3.213559322033898269e+01 5.190185511663688658e+02 1.127491626074648432e-17
3.254237288135593076e+01 5.290874960161752369e+02 5.288406310020717655e-18
3.294915254237288593e+01 5.291715638848507979e+02 5.255084286272557287e-18
3.335593220338983400e+01 5.357459869816343598e+02 3.205533442943710086e-18
3.376271186440678207e+01 5.463393129857518034e+02 1.445402515736651820e-18
3.416949152542373014e+01 5.526757201097710777e+02 8.975973039001933665e-19
3.457627118644067821e+01 5.557388599891775129e+02 7.129492658267311716e-19
3.498305084745762628e+01 5.631395727542932264e+02 4.086935845162027771e-19
3.538983050847458145e+01 5.706627754610096872e+02 2.321332021958842516e-19
3.579661016949152952e+01 5.756046451914769477e+02 1.600909676743076498e-19
3.620338983050847759e+01 5.825024903646263965e+02 9.530737798760818772e-20
3.661016949152542566e+01 5.906313640722993341e+02 5.172357710230207973e-20
3.701694915254237372e+01 5.968840326403475274e+02 3.232329759873295676e-20
3.742372881355932179e+01 6.032705112074944509e+02 1.999739269248406784e-20
3.783050847457627697e+01 6.088910176151171072e+02 1.310517817896636132e-20
3.823728813559322504e+01 6.142705542671326384e+02 8.745427505135853790e-21
3.864406779661017310e+01 6.228719668360898822e+02 4.580500370660467886e-21
3.905084745762712117e+01 6.274529600121101112e+02 3.245835098162826469e-21
3.945762711864406924e+01 6.334799154303648265e+02 2.063117366243048042e-21
3.986440677966101731e+01 6.431282403208940650e+02 9.987809055304415731e-22
4.027118644067796538e+01 6.451955273611371240e+02 8.549990219386341591e-22
4.067796610169492055e+01 6.540021378557888738e+02 4.409577915050088756e-22
4.108474576271186862e+01 6.581137389287040378e+02 3.236964591453138077e-22
4.149152542372881669e+01 6.656519847887465176e+02 1.836479884748832376e-22
4.189830508474576476e+01 6.683765026189443006e+02 1.496306395645077791e-22
4.230508474576271283e+01 6.734004492256414096e+02 1.025581041910300609e-22
4.271186440677966090e+01 6.803627199096941922e+02 6.076114421855454363e-23
4.311864406779661607e+01 6.858383182684713120e+02 4.025569097703427220e-23
4.352542372881356414e+01 6.907886878591084496e+02 2.774465321542076529e-23
4.393220338983051221e+01 6.975452773353131306e+02 1.669365819295379554e-23
4.433898305084746028e+01 7.016292375649403539e+02 1.227990540428947260e-23
4.474576271186440835e+01 7.084724746353786031e+02 7.340706683625906333e-24
4.515254237288135641e+01 7.127747158633833351e+02 5.311946456268463946e-24
4.555932203389831159e+01 7.188455795620292292e+02 3.365250540530216861e-24
4.596610169491525966e+01 7.229411444821413397e+02 2.473329461613718006e-24
4.637288135593220773e+01 7.285570125290794294e+02 1.621447851038566586e-24
4.677966101694915579e+01 7.336492960007227566e+02 1.105658437771393522e-24
4.718644067796610386e+01 7.371715438474027451e+02 8.484113855390156986e-25
4.759322033898305193e+01 7.435995890671473489e+02 5.232471800196778960e-25
4.800000000000000000e+01 7.493398412904301722e+02 3.398335912956664282e-25
4.840677966101695517e+01 7.517487264260146276e+02 2.835353700039278468e-25
4.881355932203390324e+01 7.556333342104054509e+02 2.117192498883871030e-25
4.922033898305085131e+01 7.617280368859123882e+02 1.338892254841865099e-25
4.962711864406779938e+01 7.655618043962392676e+02 1.003595849933649580e-25
5.003389830508474745e+01 7.721201899005881160e+02 6.129191207900187538e-26
5.044067796610169552e+01 7.791239000732495015e+02 3.619978372728545217e-26
5.084745762711865069e+01 7.805032979755372935e+02 3.263348852378962031e-26
5.125423728813559876e+01 7.855666486345834301e+02 2.230109899116555149e-26
5.166101694915254683e+01 7.896803658120562659e+02 1.636809340816264318e-26
5.206779661016949490e+01 7.932012524086426311e+02 1.256111084766961552e-26
5.247457627118644297e+01 8.000927922326867474e+02 7.481585325106946307e-27
5.288135593220339103e+01 8.033687525904853146e+02 5.848188192162700303e-27
5.328813559322033910e+01 8.107564557093832036e+02 3.355717148137884339e-27
5.369491525423729428e+01 8.125571483108134316e+02 2.930798998109390543e-27
5.410169491525424235e+01 8.174741873305374611e+02 2.025006477908669422e-27
5.450847457627119041e+01 8.227547142898301900e+02 1.361437051395156790e-27
5.491525423728813848e+01 8.259138794275613691e+02 1.073591515071741842e-27
5.532203389830508655e+01 8.312740129156874218e+02 7.174816033959983931e-28
5.572881355932203462e+01 8.347555279711682488e+02 5.522380802842132762e-28
5.613559322033898979e+01 8.389291253255292986e+02 4.034993778384273745e-28
5.654237288135593786e+01 8.430068049255985443e+02 2.969555590159329127e-28
5.694915254237288593e+01 8.466875842577908315e+02 2.251647077708297304e-28
5.735593220338983400e+01 8.497775902074685064e+02 1.784843450411703850e-28
5.776271186440678207e+01 8.556228619979542600e+02 1.150085846764540834e-28
5.816949152542373014e+01 8.599926556181629849e+02 8.280188804803226612e-29
5.857627118644067821e+01 8.642719692847701936e+02 6.002120739653858173e-29
5.898305084745763338e+01 8.678619411994349093e+02 4.582250087820669093e-29
5.938983050847458145e+01 8.709391475840086514e+02 3.635771250525595918e-29
5.979661016949152952e+01 8.744875797263563300e+02 2.784370603651712376e-29
6.020338983050847759e+01 8.785456321107814119e+02 2.052185108595015227e-29
6.061016949152542566e+01 8.835802336670858494e+02 1.405458609117464810e-29
6.101694915254237372e+01 8.854083669457392034e+02 1.224962255559895060e-29
6.142372881355932890e+01 8.897637397966420849e+02 8.828838641643950980e-30
6.183050847457627697e+01 8.940526988930098469e+02 6.395184941123932117e-30
6.223728813559322504e+01 8.966076681550086960e+02 5.277446705363573537e-30
6.264406779661017310e+01 8.986908077262980896e+02 4.512337747552248682e-30
6.305084745762712117e+01 9.052430195091670839e+02 2.757068187734828700e-30
6.345762711864406924e+01 9.077151166960752562e+02 2.289414013179579943e-30
6.386440677966102442e+01 9.131365242786788485e+02 1.522983538279960815e-30
6.427118644067796538e+01 9.136131821045228207e+02 1.469367933090998082e-30
6.467796610169492055e+01 9.186071060746129433e+02 1.009393167031876812e-30
6.508474576271186152e+01 9.211237232698412072e+02 8.353787932197425732e-31
6.549152542372881669e+01 9.238217989338695588e+02 6.819950738189299968e-31
6.589830508474577186e+01 9.278361333402183391e+02 5.043108178465613136e-31
6.630508474576271283e+01 9.296215727032746372e+02 4.409578174950473815e-31
6.671186440677966800e+01 9.337307884429143314e+02 3.237545378649023837e-31
6.711864406779660897e+01 9.380671955635956465e+02 2.336770377124780096e-31
6.752542372881356414e+01 9.397433592817136514e+02 2.060075119884785029e-31
6.793220338983051931e+01 9.431279594500937264e+02 1.597214592446044801e-31
6.833898305084746028e+01 9.495008952814646364e+02 9.891523891152734630e-32
6.874576271186441545e+01 9.523827437288514375e+02 7.964529601410035994e-32
6.915254237288135641e+01 9.529222717893435401e+02 7.647905839012832279e-32
6.955932203389831159e+01 9.546568400802937049e+02 6.712780155398477092e-32
6.996610169491525255e+01 9.590626512305275355e+02 4.819880807768779102e-32
7.037288135593220773e+01 9.608488580842739566e+02 4.214150090591605295e-32
7.077966101694916290e+01 9.690892182051253485e+02 2.267940118962069692e-32
7.118644067796610386e+01 9.679200587282864490e+02 2.476332687067890768e-32
7.159322033898305904e+01 9.699847073582316170e+02 2.120266888222087362e-32
7.200000000000000000e+01 9.724507222587297974e+02 1.761432356984677734e-32
7.240677966101695517e+01 9.757757631583518787e+02 1.371800680434531153e-32
7.281355932203389614e+01 9.801029859596372944e+02 9.908116178170821606e-33
7.322033898305085131e+01 9.842501657612511963e+02 7.253877888603358874e-33
7.362711864406780649e+01 9.851603164615021342e+02 6.774081757133612146e-33
7.403389830508474745e+01 9.876127802572638075e+02 5.633371168050630819e-33
7.444067796610170262e+01 9.914160622275143169e+02 4.232306003747173081e-33
7.484745762711864359e+01 9.922371859313634559e+02 3.978911839352941800e-33
7.525423728813559876e+01 9.956801886082841975e+02 3.071407707022130230e-33
7.566101694915255393e+01 9.981328004249185142e+02 2.554174525574000227e-33
7.606779661016949490e+01 1.000536076438579585e+03 2.131938468269219489e-33
7.647457627118645007e+01 1.004450369418512082e+03 1.588394729257764115e-33
7.688135593220339103e+01 1.008620827442382506e+03 1.160853638253763819e-33
7.728813559322034621e+01 1.009228281401892673e+03 1.109026273763362517e-33
7.769491525423728717e+01 1.011558999253343245e+03 9.307546742377621177e-34
7.810169491525424235e+01 1.013407715138795197e+03 8.099678377182199344e-34
7.850847457627119752e+01 1.017233689615243861e+03 6.074848802873672254e-34
7.891525423728813848e+01 1.018870516173113288e+03 5.371393835346359318e-34
7.932203389830509366e+01 1.020627718978201756e+03 4.706605383620656043e-34
7.972881355932203462e+01 1.021296391460120958e+03 4.475825465924327625e-34
8.013559322033898979e+01 1.024802684083458644e+03 3.438584045827754095e-34
8.054237288135593076e+01 1.027259831700197310e+03 2.858542361093608796e-34
8.094915254237288593e+01 1.029003419171391215e+03 2.507321441656776446e-34
8.135593220338984111e+01 1.032880561879210518e+03 1.873298047677064172e-34
8.176271186440678207e+01 1.034875560015014344e+03 1.612362797854179128e-34
8.216949152542373724e+01 1.035633218813488384e+03 1.523078860848955987e-34
8.257627118644067821e+01 1.037501876526273463e+03 1.323438498276855694e-34
8.298305084745763338e+01 1.040103184873616783e+03 1.088331923679828713e-34
8.338983050847458856e+01 1.041241769211072324e+03 9.990387961500493324e-35
8.379661016949152952e+01 1.044107035787415271e+03 8.054169033435872077e-35
8.420338983050848469e+01 1.046395339365300288e+03 6.781083850487171831e-35
8.461016949152542566e+01 1.048456143333484988e+03 5.807727058446564269e-35
8.501694915254238083e+01 1.046963976849480105e+03 6.497271055120392963e-35
8.542372881355932179e+01 1.052437860872426882e+03 4.305150186429347155e-35
8.583050847457627697e+01 1.055621758968758968e+03 3.388614681919068546e-35
8.623728813559323214e+01 1.054650569308668082e+03 3.645315681476607027e-35
8.664406779661017310e+01 1.058671906062773360e+03 2.694160953829785569e-35
8.705084745762712828e+01 1.060771855566293425e+03 2.300659639011274652e-35
8.745762711864406924e+01 1.059430879021489091e+03 2.544721428105361598e-35
8.786440677966102442e+01 1.063745689483894239e+03 1.839694170696328939e-35
8.827118644067796538e+01 1.063719545042366235e+03 1.843314101651845655e-35
8.867796610169492055e+01 1.065004204942944170e+03 1.673595194858119953e-35
8.908474576271187573e+01 1.066349838938317134e+03 1.512552521637053897e-35
8.949152542372881669e+01 1.071193925589249829e+03 1.050831330191478727e-35
8.989830508474577186e+01 1.067798216059590004e+03 1.356486769873619316e-35
9.030508474576271283e+01 1.071388539703327979e+03 1.035566845687211979e-35
9.071186440677966800e+01 1.074510446342234900e+03 8.189101822833376167e-36
9.111864406779662318e+01 1.074341708463598934e+03 8.293659298014217173e-36
9.152542372881356414e+01 1.077017837796084223e+03 6.782044133222893496e-36
9.193220338983051931e+01 1.077915965280054479e+03 6.339184730863930351e-36
9.233898305084746028e+01 1.079892650142345246e+03 5.463705632683725594e-36
9.274576271186441545e+01 1.080270519407760048e+03 5.310659482628019532e-36
9.315254237288135641e+01 1.081221026543078324e+03 4.944368845229789561e-36
9.355932203389831159e+01 1.082497535264229782e+03 4.491879552135883665e-36
9.396610169491526676e+01 1.084025529028175242e+03 4.004362827021215591e-36
9.437288135593220773e+01 1.085765109430754592e+03 3.513416600498262288e-36
9.477966101694916290e+01 1.087269830396260659e+03 3.137580745662711255e-36
9.518644067796610386e+01 1.090096231604617969e+03 2.536894437954945448e-36
9.559322033898305904e+01 1.088646752876788696e+03 2.829002097483500646e-36
9.600000000000000000e+01 1.092514421451844100e+03 2.115141863608431421e-36
9.640677966101695517e+01 1.090984062754534534e+03 2.373074683032444537e-36
9.681355932203391035e+01 1.094347787291191707e+03 1.842779131460967265e-36
9.722033898305085131e+01 1.093476306618020317e+03 1.967570813539236492e-36
9.762711864406780649e+01 1.095645063250448175e+03 1.671523162076091099e-36
9.803389830508474745e+01 1.097694381164995093e+03 1.432829599593168574e-36
9.844067796610170262e+01 1.099755832770118559e+03 1.227101480900757020e-36
9.884745762711864359e+01 1.100291722295506361e+03 1.178641404815404492e-36
9.925423728813559876e+01 1.101205628188105038e+03 1.100371328875339269e-36
9.966101694915255393e+01 1.100013492158720737e+03 1.203557774474273310e-36
1.000677966101694949e+02 1.102751779277497235e+03 9.796065504507087377e-37
1.004745762711864501e+02 1.103652828940223571e+03 9.154382542274474529e-37
1.008813559322033910e+02 1.105048865336893641e+03 8.242202388627837275e-37
1.012881355932203462e+02 1.105808298234366703e+03 7.784755284244322965e-37
1.016949152542373014e+02 1.105238050539058122e+03 8.125791485660064451e-37
1.021016949152542423e+02 1.106534373464942291e+03 7.371161173982252598e-37
1.025084745762711975e+02 1.109996524069696306e+03 5.681772093581722090e-37
1.029152542372881385e+02 1.108537200457564268e+03 6.340684654205653064e-37
1.033220338983050937e+02 1.109839746892322182e+03 5.749143746560008393e-37
1.037288135593220346e+02 1.110625398113351366e+03 5.419369117550020369e-37
1.041355932203389898e+02 1.111369176436012822e+03 5.124619239566004099e-37
1.045423728813559450e+02 1.112647668053225743e+03 4.654940079142490665e-37
1.049491525423728859e+02 1.113868804126843543e+03 4.246581455727222404e-37
1.053559322033898411e+02 1.111735450642626574e+03 4.985415816693603630e-37
1.057627118644067821e+02 1.113511633642779998e+03 4.362168165925291232e-37
1.061694915254237372e+02 1.113717862924541805e+03 4.295050264881428203e-37
1.065762711864406782e+02 1.113699405146263416e+03 4.301015086041081619e-37
1.069830508474576334e+02 1.117003377968490668e+03 3.354933845915818171e-37
1.073898305084745886e+02 1.117968150341329647e+03 3.120186501067549986e-37
1.077966101694915295e+02 1.117505945365440766e+03 3.230526185984179510e-37
1.082033898305084847e+02 1.117072239232066750e+03 3.337608436570053340e-37
1.086101694915254257e+02 1.117648751917779009e+03 3.196024504394817717e-37
1.090169491525423808e+02 1.116539996272025064e+03 3.473882279981018802e-37
1.094237288135593360e+02 1.117510986953018346e+03 3.229301833040414801e-37
1.098305084745762770e+02 1.119743974054767932e+03 2.730192708938457382e-37
1.102372881355932321e+02 1.118217660298903638e+03 3.062196989684971680e-37
1.106440677966101731e+02 1.118974315790583205e+03 2.892847289753239114e-37
1.110508474576271283e+02 1.119284364284632602e+03 2.826189453963587444e-37
1.114576271186440692e+02 1.121323799132917202e+03 2.424410387371199565e-37
1.118644067796610244e+02 1.120179261371514031e+03 2.642284348080305710e-37
1.122711864406779796e+02 1.119911190553652659e+03 2.696081781491805675e-37
1.126779661016949206e+02 1.119936389845495341e+03 2.690978395741086065e-37
1.130847457627118757e+02 1.121109546194895756e+03 2.463782077182817765e-37
1.134915254237288167e+02 1.121526369868490747e+03 2.387764262768872325e-37
1.138983050847457719e+02 1.122586707832387901e+03 2.204791208261042885e-37
1.143050847457627128e+02 1.120134375354831263e+03 2.651216827650284925e-37
1.147118644067796680e+02 1.123656619014627040e+03 2.034374426463266582e-37
1.151186440677966232e+02 1.121480280960152641e+03 2.396053010708216582e-37
1.155254237288135641e+02 1.120665348223881665e+03 2.547457856110340279e-37
1.159322033898305193e+02 1.123097960614833937e+03 2.121647173121717373e-37
1.163389830508474603e+02 1.121723029755209836e+03 2.352717435387190560e-37
1.167457627118644155e+02 1.122600243016976947e+03 2.202548570956133818e-37
1.171525423728813564e+02 1.123409474002890420e+03 2.072531270476823041e-37
1.175593220338983116e+02 1.123940933913396975e+03 1.991347020428184425e-37
1.179661016949152668e+02 1.120417103232524596e+03 2.595452771160846917e-37
1.183728813559322077e+02 1.122497639261635413e+03 2.219605992559052943e-37
1.187796610169491629e+02 1.121165503017069341e+03 2.453438031868766929e-37
1.191864406779661039e+02 1.122384168885640065e+03 2.238623809983709646e-37
1.195932203389830590e+02 1.122945234241379694e+03 2.146150863135253209e-37
1.200000000000000142e+02 1.121707870551793121e+03 2.355400567371681833e-37
1.204067796610169552e+02 1.120333200530871636e+03 2.611877871173263272e-37
1.208135593220339103e+02 1.120180659126604269e+03 2.642006673468791966e-37
1.212203389830508513e+02 1.119328821042661730e+03 2.816758366285542126e-37
1.216271186440678065e+02 1.121467565640466319e+03 2.398344826368306074e-37
1.220338983050847474e+02 1.120667921477403524e+03 2.546965027479227300e-37
1.224406779661017026e+02 1.120682491341485729e+03 2.544176409759481162e-37
1.228474576271186578e+02 1.121162533002868031e+03 2.453985968669979380e-37
1.232542372881355988e+02 1.118026846757682961e+03 3.106446634233437619e-37
1.236610169491525539e+02 1.120330321524481860e+03 2.612443316813286673e-37
1.240677966101694949e+02 1.117507209033487470e+03 3.230219259759727492e-37
1.244745762711864501e+02 1.118817575093894447e+03 2.927141218157995391e-37
1.248813559322033910e+02 1.117386569449847002e+03 3.259652721626291706e-37
1.252881355932203462e+02 1.119059753875230399e+03 2.874323442882140639e-37
1.256949152542373014e+02 1.118215402312386232e+03 3.062716913481187546e-37
1.261016949152542423e+02 1.116820610865690242e+03 3.401355197135211311e-37
1.265084745762711975e+02 1.116722840506053444e+03 3.426451215266259574e-37
1.269152542372881385e+02 1.114637957848844280e+03 4.007963227587617003e-37
1.273220338983050937e+02 1.115093063564934710e+03 3.873136771833787146e-37
1.277288135593220488e+02 1.113742177881130374e+03 4.287205260655389686e-37
1.281355932203389898e+02 1.113415389758079300e+03 4.393848971429816918e-37
1.285423728813559308e+02 1.112155823659080852e+03 4.830306000488878951e-37
1.289491525423729001e+02 1.112153248610873106e+03 4.831241299360287957e-37
1.293559322033898411e+02 1.111141733784512553e+03 5.213008721357894085e-37
1.297627118644067821e+02 1.109458327494586456e+03 5.916405469533232901e-37
1.301694915254237230e+02 1.108914915780512274e+03 6.163144412608514032e-37
1.305762711864406924e+02 1.107027392874411817e+03 7.102921081702264487e-37
1.309830508474576334e+02 1.106644846276883072e+03 7.310188218135525347e-37
1.313898305084745743e+02 1.105698012193096929e+03 7.849576286383624758e-37
1.317966101694915437e+02 1.105279833873345751e+03 8.100303523467300185e-37
1.322033898305084847e+02 1.105011256594730412e+03 8.265542053693437690e-37
1.326101694915254257e+02 1.102460807169342388e+03 1.001274146088416075e-36
1.330169491525423950e+02 1.100913307493290404e+03 1.124824129559003479e-36
1.334237288135593360e+02 1.100622873434967914e+03 1.149657234967055819e-36
1.338305084745762770e+02 1.098383750532031172e+03 1.360454652079835724e-36
1.342372881355932179e+02 1.100700346933328319e+03 1.142979862254425516e-36
1.346440677966101873e+02 1.097466808683602494e+03 1.457557286357431342e-36
1.350508474576271283e+02 1.094955627345841549e+03 1.760455478028285457e-36
1.354576271186440692e+02 1.095302594436457184e+03 1.715123035273132664e-36
1.358644067796610386e+02 1.092729294754834200e+03 2.081244428608403012e-36
1.362711864406779796e+02 1.093106316873779861e+03 2.023074674095699988e-36
1.366779661016949206e+02 1.091522496480393329e+03 2.278922423929150478e-36
1.370847457627118615e+02 1.089234216730647631e+03 2.706763982989317720e-36
1.374915254237288309e+02 1.087533615992773775e+03 3.075964579004260952e-36
1.378983050847457719e+02 1.088889446012443159e+03 2.777847728727551649e-36
1.383050847457627128e+02 1.087457843501967545e+03 3.093538916690910784e-36
1.387118644067796822e+02 1.085577013675952685e+03 3.563458252028463025e-36
1.391186440677966232e+02 1.083601401478784055e+03 4.134117000697820199e-36
1.395254237288135641e+02 1.081468890082390317e+03 4.853077140154340949e-36
1.399322033898305051e+02 1.080945382591513635e+03 5.047910680930872383e-36
1.403389830508474745e+02 1.081307987658103002e+03 4.912145895661198496e-36
1.407457627118644155e+02 1.076115683990772141e+03 7.258038870163874884e-36
1.411525423728813564e+02 1.076162474308256833e+03 7.232549451787286661e-36
1.415593220338983258e+02 1.073831171660191330e+03 8.618210880557615072e-36
1.419661016949152668e+02 1.073432084957853021e+03 8.880732369502298372e-36
1.423728813559322077e+02 1.071012533133831539e+03 1.065261303460156195e-35
1.427796610169491487e+02 1.068913442878416618e+03 1.247381381835791951e-35
1.431864406779661181e+02 1.068104095685272341e+03 1.325645660692060324e-35
1.435932203389830590e+02 1.069186824867095538e+03 1.222003130682162568e-35
1.440000000000000000e+02 1.066057793609163582e+03 1.546132931767321203e-35
1.444067796610169694e+02 1.063421520613430630e+03 1.885085061811142926e-35
1.448135593220339103e+02 1.062365313054362787e+03 2.040892164305342606e-35
1.452203389830508513e+02 1.061305520615799196e+03 2.210172771656095155e-35
1.456271186440677923e+02 1.057405563903925895e+03 2.963291126274537449e-35
1.460338983050847617e+02 1.055089439735175347e+03 3.526991326209637631e-35
1.464406779661017026e+02 1.056835680694842040e+03 3.093022843549204571e-35
1.468474576271186436e+02 1.052960365604403250e+03 4.139296946410653870e-35
1.472542372881356130e+02 1.050957251450870217e+03 4.812111843382223037e-35
1.476610169491525539e+02 1.050242862727364582e+03 5.077654682430710560e-35
1.480677966101694949e+02 1.048348088381037087e+03 5.855103738721921646e-35
1.484745762711864643e+02 1.044941055388459972e+03 7.564616175272626804e-35
1.488813559322034052e+02 1.042476571611243799e+03 9.104612390051244220e-35
1.492881355932203462e+02 1.041776864080714404e+03 9.596425927417223041e-35
1.496949152542372872e+02 1.039978059868423998e+03 1.098619150983812303e-34
1.501016949152542566e+02 1.037375653625229688e+03 1.336058305884891712e-34
1.505084745762711975e+02 1.033799702849995811e+03 1.748209629930635057e-34
1.509152542372881385e+02 1.032445471624893344e+03 1.935593682830657789e-34
1.513220338983051079e+02 1.031565215222033203e+03 2.068034799676301184e-34
1.517288135593220488e+02 1.028800070671685944e+03 2.545951344763071087e-34
1.521355932203389898e+02 1.027531819287948110e+03 2.800678295923785119e-34
1.525423728813559308e+02 1.024562257945960482e+03 3.501309093430266444e-34
1.529491525423729001e+02 1.021424028181647259e+03 4.433077554384669123e-34
1.533559322033898411e+02 1.019194982230972300e+03 5.241939116592390994e-34
1.537627118644067821e+02 1.015961082601080989e+03 6.684837074190054708e-34
1.541694915254237515e+02 1.013182209250864730e+03 8.238181965219382130e-34
1.545762711864406924e+02 1.011618501106629196e+03 9.265999427495014328e-34
1.549830508474576334e+02 1.009694038640173403e+03 1.070861064753704035e-33
1.553898305084745743e+02 1.006667429525155057e+03 1.344507336488002578e-33
1.557966101694915437e+02 1.004014861418734426e+03 1.641267590605594556e-33
1.562033898305084847e+02 1.002046095668420435e+03 1.903123272905083619e-33
1.566101694915254257e+02 9.983923716333973744e+02 2.504808932733429716e-33
1.570169491525423950e+02 9.975586180958655405e+02 2.666857180572557016e-33
1.574237288135593360e+02 9.923433740105592733e+02 3.947270425852776309e-33
1.578305084745762770e+02 9.910425394553882370e+02 4.352852677176874313e-33
1.582372881355932179e+02 9.874753799185893968e+02 5.691870347761118855e-33
1.586440677966101873e+02 9.839299631728363238e+02 7.430637007990434793e-33
1.590508474576271283e+02 9.809938356353163726e+02 9.266197105065262638e-33
1.594576271186440692e+02 9.802295999753663409e+02 9.814239943234789112e-33
1.598644067796610386e+02 9.755620457441837061e+02 1.394022176303874775e-32
1.602711864406779796e+02 9.751403581111738958e+02 1.438928957993965086e-32
1.606779661016949206e+02 9.705818191366528254e+02 2.027181387163609563e-32
1.610847457627118615e+02 9.673489175536458333e+02 2.584990042666602399e-32
1.614915254237288309e+02 9.645030964000573022e+02 3.201736027496919051e-32
1.618983050847457719e+02 9.630632530798441167e+02 3.567810375946287315e-32
1.623050847457627128e+02 9.587211068307053665e+02 4.945258452556278284e-32
1.627118644067796822e+02 9.586550226124707024e+02 4.969891293593933393e-32
1.631186440677966232e+02 9.547973563714089096e+02 6.642232060332781980e-32
1.635254237288135641e+02 9.504734448378696925e+02 9.194028442815646027e-32
1.639322033898305051e+02 9.464214774096526526e+02 1.246859890517892717e-31
1.643389830508474745e+02 9.452440033255987828e+02 1.362280575608862942e-31
1.647457627118644155e+02 9.418018944318062040e+02 1.764672938318981366e-31
1.651525423728813564e+02 9.392362294860955672e+02 2.140142697576138025e-31
1.655593220338983258e+02 9.349323293066291853e+02 2.957883637188185724e-31
1.659661016949152668e+02 9.324423035380669944e+02 3.566889786382398586e-31
1.663728813559322077e+02 9.301922604002633079e+02 4.224370195515488085e-31
1.667796610169491771e+02 9.273155465555498722e+02 5.244418968730175469e-31
1.671864406779661181e+02 9.211441993915123021e+02 8.340936686143669608e-31
1.675932203389830590e+02 9.185784059058461253e+02 1.011573695886408415e-30
1.680000000000000000e+02 9.151468297577829389e+02 1.309336443503868879e-30
1.684067796610169694e+02 9.103773177096136351e+02 1.874103488554923951e-30
1.688135593220339103e+02 9.080253601417000482e+02 2.236627879188481076e-30
1.692203389830508513e+02 9.045055594587685164e+02 2.914260175390913320e-30
1.696271186440678207e+02 9.020956035046643819e+02 3.493191136540472472e-30
1.700338983050847617e+02 8.992207394802004501e+02 4.336080693188252141e-30
1.704406779661017026e+02 8.931676925398631965e+02 6.835209941236617535e-30
1.708474576271186436e+02 8.905128283708395429e+02 8.345321084237698049e-30
1.712542372881356130e+02 8.870871675299748631e+02 1.079701294697044641e-29
1.716610169491525539e+02 8.845584155720137005e+02 1.305800352943392070e-29
1.720677966101694949e+02 8.806977069582422928e+02 1.745594164649486609e-29
1.724745762711864643e+02 8.768294086903435982e+02 2.334842616745179493e-29
1.728813559322034052e+02 8.722505662361287477e+02 3.294381216945046864e-29
1.732881355932203462e+02 8.680018394853682366e+02 4.534303528971526843e-29
1.736949152542372872e+02 8.656784880859738678e+02 5.399787333245363816e-29
1.741016949152542566e+02 8.608137607597976739e+02 7.784453019187551415e-29
1.745084745762711975e+02 8.576801001641996436e+02 9.852666414905868483e-29
1.749152542372881385e+02 8.535258536611348745e+02 1.346496977704474938e-28
1.753220338983051079e+02 8.499158600402637376e+02 1.766383931846861946e-28
1.757288135593220488e+02 8.463337059064773484e+02 2.312361687447886753e-28
1.761355932203389898e+02 8.418557397159549964e+02 3.238008774293225195e-28
1.765423728813559308e+02 8.383314933585329527e+02 4.220440448015112855e-28
1.769491525423729001e+02 8.335144783932704513e+02 6.062492811340749575e-28
1.773559322033898411e+02 8.296543389664832375e+02 8.103994737954201743e-28
1.777627118644067821e+02 8.247453788960156089e+02 1.172181762723380775e-27
1.781694915254237515e+02 8.210414614894718852e+02 1.548608517903567165e-27
1.785762711864406924e+02 8.176216284533436465e+02 2.002681636695356981e-27
1.789830508474576334e+02 8.117429720895046330e+02 3.115816817886973801e-27
1.793898305084745743e+02 8.081435453457038420e+02 4.084196151687512546e-27
1.797966101694915437e+02 8.042397571738606530e+02 5.477467374055239006e-27
1.802033898305084847e+02 7.993390815731644352e+02 7.917810264073443033e-27
1.806101694915254257e+02 7.956414298640842162e+02 1.045555704054688834e-26
1.810169491525423950e+02 7.907285414626926467e+02 1.512764276097088200e-26
1.814237288135593360e+02 7.862351782381887233e+02 2.120783259850131835e-26
1.818305084745762770e+02 7.813507820517694427e+02 3.061892889968439878e-26
1.822372881355932464e+02 7.760295888047818380e+02 4.568217266890373185e-26
1.826440677966101873e+02 7.721353119617808716e+02 6.122226295673565637e-26
1.830508474576271283e+02 7.668928730417749193e+02 9.080181160649288010e-26
1.834576271186440692e+02 7.628377664296724561e+02 1.231711031229544556e-25
1.838644067796610386e+02 7.580792942379508759e+02 1.761532465213089242e-25
1.842711864406779796e+02 7.533442364065605261e+02 2.514825795334725253e-25
1.846779661016949206e+02 7.472790482389067392e+02 3.967883068728707245e-25
1.850847457627118899e+02 7.427110000399721912e+02 5.594002216560726825e-25
1.854915254237288309e+02 7.373770441965198188e+02 8.354032050027435701e-25
1.858983050847457719e+02 7.329997053336689987e+02 1.161000847086057131e-24
1.863050847457627128e+02 7.267023004059061577e+02 1.864087252867441710e-24
1.867118644067796822e+02 7.228686366690197929e+02 2.486850171656116685e-24
1.871186440677966232e+02 7.172038411263769149e+02 3.807380406400361160e-24
1.875254237288135641e+02 7.120822571116283370e+02 5.595836841779098736e-24
1.879322033898305335e+02 7.056773084590438430e+02 9.057543865842405920e-24
1.883389830508474745e+02 7.015372595553194515e+02 1.236512313503359148e-23
1.887457627118644155e+02 6.954836694671751047e+02 1.949264098117798783e-23
1.891525423728813564e+02 6.900416076425698293e+02 2.934771205958181550e-23
1.895593220338983258e+02 6.848508461165644121e+02 4.335826797305930133e-23
1.899661016949152668e+02 6.795172606004838372e+02 6.474904027339307480e-23
1.903728813559322077e+02 6.747951808690264670e+02 9.234785386850813584e-23
1.907796610169491771e+02 6.687629822199230603e+02 1.453451469714152854e-22
1.911864406779661181e+02 6.629123747201001606e+02 2.256548317470358073e-22
1.915932203389830590e+02 6.570636298789232796e+02 3.502901425668583906e-22
1.920000000000000000e+02 6.502006398256157809e+02 5.868540076176336095e-22
1.924067796610169694e+02 6.459204952750990287e+02 8.096414208108967773e-22
1.928135593220339103e+02 6.392887302267981795e+02 1.333044109852584785e-21
1.932203389830508513e+02 6.343420632920884827e+02 1.933622092703248646e-21
1.936271186440678207e+02 6.278413957306080420e+02 3.152409159729634654e-21
1.940338983050847617e+02 6.220363008911082261e+02 4.877536463437887651e-21
1.944406779661017026e+02 6.145845512898960123e+02 8.541376643105908928e-21
1.948474576271186436e+02 6.088132038672135877e+02 1.318207682555161251e-20
1.952542372881356130e+02 6.043373226513232339e+02 1.845601830936502528e-20
1.956610169491525539e+02 5.978301308898774096e+02 3.010384942285650458e-20
1.960677966101694949e+02 5.913379055915960407e+02 4.904755275256978718e-20
1.964745762711864643e+02 5.840448788593454310e+02 8.487148459945898189e-20
1.968813559322034052e+02 5.785567833306696457e+02 1.282237683710986428e-19
1.972881355932203462e+02 5.708724658455470262e+02 2.285020450024458700e-19
1.976949152542372872e+02 5.645434487448781056e+02 3.677528493063606949e-19
1.981016949152542566e+02 5.577937640700737347e+02 6.108834546517337531e-19
1.985084745762711975e+02 5.522290393929893071e+02 9.282550629954943816e-19
1.989152542372881385e+02 5.443862383498110376e+02 1.674032786110574500e-18
1.993220338983051079e+02 5.388067983433356858e+02 2.546557188480830666e-18
1.997288135593220488e+02 5.326153375740256024e+02 4.056277539650462470e-18
2.001355932203389898e+02 5.260371487061918288e+02 6.651659401754992795e-18
2.005423728813559592e+02 5.179155987930383844e+02 1.224979507465037145e-17
2.009491525423729001e+02 5.121966586990332644e+02 1.883100482143694919e-17
2.013559322033898411e+02 5.065383719095464699e+02 2.881625970712790169e-17
2.017627118644067821e+02 4.969971452610067786e+02 5.904649965798131271e-17
2.021694915254237515e+02 4.889815759770960426e+02 1.078778583085532705e-16
2.025762711864406924e+02 4.826184484051054255e+02 1.740652606407322055e-16
2.029830508474576334e+02 4.740140885757090246e+02 3.324118253881886681e-16
2.033898305084746028e+02 4.682337179034711880e+02 5.133659657611681743e-16
2.037966101694915437e+02 4.609654402408979763e+02 8.866727878574648845e-16
2.042033898305084847e+02 4.552631067604123132e+02 1.361337423190500620e-15
2.046101694915254257e+02 4.465331789126214517e+02 2.624402282990733596e-15
2.050169491525423950e+02 4.412863899828375338e+02 3.893656057010960440e-15
2.054237288135593360e+02 4.292842434615042748e+02 9.600024094663436634e-15
2.058305084745762770e+02 4.242078533443063293e+02 1.406161965634978358e-14
2.062372881355932464e+02 4.152250221107621542e+02 2.762855724001647056e-14
2.066440677966101873e+02 4.084912754848284067e+02 4.583952266152662664e-14
2.070508474576271283e+02 4.008132435566317895e+02 8.165003866061659936e-14
2.074576271186440692e+02 3.927788932711674192e+02 1.493852859956875543e-13
2.078644067796610386e+02 3.856592553225098072e+02 2.551470139935615553e-13
2.082711864406779796e+02 3.748798076682640499e+02 5.738251255207347348e-13
2.086779661016949206e+02 3.649666642721314815e+02 1.209151095080465467e-12
2.090847457627118899e+02 3.582731697499846177e+02 2.000083248411896784e-12
2.094915254237288309e+02 3.463466098696014228e+02 4.903369537459696829e-12
2.098983050847457719e+02 3.364689062688705690e+02 1.030477222500063371e-11
2.103050847457627128e+02 3.260676559709006597e+02 2.252568030672174354e-11
2.107118644067796822e+02 3.153737818463519034e+02 5.033530358184195158e-11
2.111186440677966232e+02 3.031016973297129766e+02 1.266490420857051394e-10
2.115254237288135641e+02 2.913372644265814415e+02 3.067286989934486153e-10
2.119322033898305335e+02 2.799675324588621947e+02 7.211381339048506283e-10
2.123389830508474745e+02 2.682691712247653868e+02 1.737854765408209889e-09
2.127457627118644155e+02 2.566122580432901259e+02 4.174986383454208090e-09
2.131525423728813564e+02 2.445630906136873932e+02 1.033011623416367219e-08
2.135593220338983258e+02 2.309481847403094719e+02 2.875295856340586999e-08
2.139661016949152668e+02 2.176830345506344599e+02 7.795411481687812538e-08
2.143728813559322077e+02 2.044229935695217648e+02 2.112655651066433978e-07
2.147796610169491771e+02 1.892586471482123329e+02 6.606950369196382551e-07
2.151864406779661181e+02 1.773414142550951738e+02 1.618613043458240206e-06
2.155932203389830590e+02 2.187905724728325367e+02 7.172553737713488619e-08
2.160000000000000000e+02 inf 0.000000000000000000e+00
